T.placo	p.placo	SNP	CHR	POS	A1	A2	BETA.f1	Z.f1	P.f1	N.f1	Case_Percentage.f1	EAF.f1	BETA.f2	Z.f2	P.f2	N.f2	Case_Percentage.f2
20.3358347049742	1.33103985259417e-08	rs6693299	1	175902660	A	G	0.0227	5.15909090909091	2.5e-07	500199	0.341376132299345	0.566	0.0333	4.69014084507042	2.997e-06	486601	0.0069872441692475
19.6786525817059	2.32005675129581e-08	rs17351562	1	175907544	C	G	0.0224	5.09090909090909	3.12e-07	500199	0.341376132299345	0.5694	0.0322	4.6	4.375e-06	486601	0.0069872441692475
19.655029535001	2.36688922484878e-08	rs10798422	1	175908189	T	G	0.0223	5.06818181818182	3.418e-07	500199	0.341376132299345	0.5692	0.0323	4.61428571428572	4.003e-06	486601	0.0069872441692475
19.5305858546927	2.6296977502348e-08	rs12033976	1	175909643	C	G	0.0223	5.06818181818182	3.256e-07	500199	0.341376132299345	0.5693	0.0321	4.58571428571429	4.515e-06	486601	0.0069872441692475
19.6786525817059	2.32005675129581e-08	rs10436856	1	175911554	T	C	0.0224	5.09090909090909	2.865e-07	500199	0.341376132299345	0.569	0.0322	4.6	4.19e-06	486601	0.0069872441692475
20.6297999674694	1.03834509266844e-08	rs10913112	1	175913828	C	T	0.0262	5.82222222222222	4.525e-09	500199	0.341376132299345	0.622	0.0311	4.26027397260274	1.838e-05	486601	0.0069872441692475
19.4208747454309	2.88555093236775e-08	rs10798425	1	175930082	T	C	0.0221	5.02272727272727	4.131e-07	500199	0.341376132299345	0.5694	0.0322	4.6	4.015e-06	486601	0.0069872441692475
19.4208747454309	2.88555093236775e-08	rs4409605	1	175934380	A	G	0.0221	5.02272727272727	4.057e-07	500199	0.341376132299345	0.5692	0.0322	4.6	4.11e-06	486601	0.0069872441692475
19.2735149288617	3.26890085576458e-08	rs10913116	1	175945390	A	C	0.022	5	4.406e-07	500199	0.341376132299345	0.5692	0.0321	4.58571428571429	4.321e-06	486601	0.0069872441692475
19.2735149288617	3.26890085576458e-08	rs10494495	1	175946400	T	C	0.022	5	4.331e-07	500199	0.341376132299345	0.5692	0.0321	4.58571428571429	4.368e-06	486601	0.0069872441692475
19.2976978466451	3.20265765412547e-08	rs10913117	1	175952208	T	C	0.0221	5.02272727272727	3.879e-07	500199	0.341376132299345	0.5695	0.032	4.57142857142857	4.671e-06	486601	0.0069872441692475
20.2675374875875	1.41011880091802e-08	rs12023976	1	175952532	C	A	0.0258	5.73333333333333	7.84e-09	500199	0.341376132299345	0.6226	0.031	4.24657534246575	1.964e-05	486601	0.0069872441692475
19.4449965600634	2.82723810740092e-08	rs10798434	1	175954031	A	G	0.0222	5.04545454545455	3.541e-07	500199	0.341376132299345	0.5694	0.0321	4.58571428571429	4.373e-06	486601	0.0069872441692475
18.980392426064	4.18990971997489e-08	rs6703511	1	175955216	C	T	0.0218	4.95454545454545	5.426e-07	500199	0.341376132299345	0.5695	0.0319	4.55714285714286	4.706e-06	486601	0.0069872441692475
19.359306251453	3.03991199014697e-08	rs10753112	1	175958987	T	C	0.0221	5.02272727272727	3.724e-07	500199	0.341376132299345	0.5692	0.0321	4.58571428571429	4.309e-06	486601	0.0069872441692475
19.5755114751975	2.5316072667816e-08	rs7515914	1	175962087	C	T	0.0225	5.11363636363636	2.479e-07	500199	0.341376132299345	0.5698	0.0319	4.55714285714286	4.903e-06	486601	0.0069872441692475
21.2881229386733	5.95681612764227e-09	rs35846379	1	175968013	G	A	0.026	5.77777777777778	5.263e-09	500199	0.341376132299345	0.6216	0.0318	4.41666666666667	1.108e-05	486601	0.0069872441692475
19.9251975653305	1.88337931951592e-08	rs10913120	1	175968552	T	C	0.0221	5.13953488372093	3.818e-07	500199	0.341376132299345	0.5688	0.0323	4.61428571428572	3.62e-06	486601	0.0069872441692475
19.5988187140775	2.48217158970098e-08	rs12029090	1	175978808	A	G	0.0218	5.06976744186047	5.369e-07	500199	0.341376132299345	0.5685	0.0322	4.6	3.881e-06	486601	0.0069872441692475
19.2996839626968	3.19727732957347e-08	rs10913124	1	175993173	C	G	0.0216	5.02325581395349	7.071e-07	500199	0.341376132299345	0.568	0.032	4.57142857142857	4.601e-06	486601	0.0069872441692475
20.5656966291712	1.09611248974841e-08	rs12040241	1	176000113	T	C	0.0259	5.88636363636364	5.291e-09	500199	0.341376132299345	0.6194	0.0303	4.20833333333333	2.761e-05	486601	0.0069872441692475
19.4359526450289	2.84896146760371e-08	rs10798442	1	176004549	A	G	0.0219	5.09302325581395	4.942e-07	500199	0.341376132299345	0.569	0.0318	4.54285714285714	5.097e-06	486601	0.0069872441692475
21.1444448149452	6.72451197358205e-09	rs10913128	1	176004673	A	C	0.0257	5.84090909090909	7.554e-09	500199	0.341376132299345	0.621	0.0313	4.34722222222222	1.567e-05	486601	0.0069872441692475
19.5030933556479	2.69159423543206e-08	rs12735810	1	176010719	A	G	0.0222	5.16279069767442	2.885e-07	500199	0.341376132299345	0.569	0.0315	4.5	6.123e-06	486601	0.0069872441692475
19.3752082884581	2.9992678804177e-08	rs10753117	1	176019929	T	C	0.0222	5.16279069767442	2.974e-07	500199	0.341376132299345	0.569	0.0313	4.47142857142857	7.193e-06	486601	0.0069872441692475
19.2908134614223	3.2213775660766e-08	rs10798444	1	176020360	G	C	0.0221	5.13953488372093	3.294e-07	500199	0.341376132299345	0.5689	0.0313	4.47142857142857	6.965e-06	486601	0.0069872441692475
19.2271555414662	3.39975500915384e-08	rs7534058	1	176024320	A	G	0.0221	5.13953488372093	3.392e-07	500199	0.341376132299345	0.5689	0.0312	4.45714285714286	7.66e-06	486601	0.0069872441692475
19.3307636782789	3.1142536776595e-08	rs12033847	1	176027978	C	T	0.0223	5.18604651162791	2.593e-07	500199	0.341376132299345	0.5692	0.0311	4.44285714285714	8.15e-06	486601	0.0069872441692475
19.1621236068089	3.59220963049647e-08	rs7534948	1	176028721	T	C	0.0218	5.06976744186047	5.434e-07	500199	0.341376132299345	0.5672	0.0315	4.5	6.393e-06	486601	0.0069872441692475
19.2908134614223	3.2213775660766e-08	rs10913131	1	176036171	C	T	0.0221	5.13953488372093	3.262e-07	500199	0.341376132299345	0.569	0.0313	4.47142857142857	7.059e-06	486601	0.0069872441692475
19.5880713755142	2.50484581279175e-08	rs12404596	1	176040169	T	C	0.0223	5.18604651162791	2.597e-07	500199	0.341376132299345	0.5691	0.0315	4.5	6.351e-06	486601	0.0069872441692475
20.999752930066	7.59786561123159e-09	rs10494498	1	176041727	T	A	0.0257	5.84090909090909	7.655e-09	500199	0.341376132299345	0.6218	0.0311	4.31944444444444	1.693e-05	486601	0.0069872441692475
19.4591675194371	2.79353300158917e-08	rs10218714	1	176043089	G	C	0.022	5.11627906976744	3.822e-07	500199	0.341376132299345	0.5686	0.0317	4.52857142857143	5.506e-06	486601	0.0069872441692475
19.2908134614223	3.2213775660766e-08	rs10753118	1	176043802	A	G	0.0221	5.13953488372093	3.424e-07	500199	0.341376132299345	0.5687	0.0313	4.47142857142857	7.14e-06	486601	0.0069872441692475
19.5238043174504	2.64483185527398e-08	rs10913132	1	176049964	A	C	0.0223	5.18604651162791	2.857e-07	500199	0.341376132299345	0.5691	0.0314	4.48571428571429	6.535e-06	486601	0.0069872441692475
19.6998020305169	2.2789165477624e-08	rs6678628	1	176063724	A	G	0.0218	5.06976744186047	4.767e-07	500199	0.341376132299345	0.5688	0.0319	4.6231884057971	4.046e-06	486601	0.0069872441692475
19.7247219107676	2.2313792089327e-08	rs6678812	1	176063871	A	G	0.0219	5.09302325581395	3.884e-07	500199	0.341376132299345	0.5688	0.0318	4.60869565217391	4.28e-06	486601	0.0069872441692475
19.7881736330736	2.1147762018917e-08	rs10913133	1	176072002	T	C	0.0219	5.09302325581395	4.323e-07	500199	0.341376132299345	0.569	0.0319	4.6231884057971	3.92e-06	486601	0.0069872441692475
19.7628632044283	2.16053781312675e-08	rs10913134	1	176075527	C	T	0.0218	5.06976744186047	4.429e-07	500199	0.341376132299345	0.5691	0.032	4.63768115942029	3.623e-06	486601	0.0069872441692475
19.6366997805568	2.40387958278768e-08	rs10913135	1	176075736	C	A	0.0218	5.06976744186047	4.802e-07	500199	0.341376132299345	0.5691	0.0318	4.60869565217391	4.318e-06	486601	0.0069872441692475
19.5735564545483	2.53579853527659e-08	rs10913137	1	176077154	T	C	0.0218	5.06976744186047	4.557e-07	500199	0.341376132299345	0.5691	0.0317	4.59420289855073	4.445e-06	486601	0.0069872441692475
21.0629093155571	7.20348499718234e-09	rs6673760	1	176084251	G	A	0.0255	5.79545454545455	8.307e-09	500199	0.341376132299345	0.6216	0.0314	4.36111111111111	1.197e-05	486601	0.0069872441692475
19.7719439851779	2.14400659049574e-08	rs7553759	1	176084446	C	T	0.0216	5.02325581395349	6.363e-07	500199	0.341376132299345	0.5698	0.0323	4.68115942028986	3.066e-06	486601	0.0069872441692475
19.8258833022912	2.04839187052157e-08	rs7522843	1	176084451	T	A	0.0218	5.06976744186047	4.939e-07	500199	0.341376132299345	0.569	0.0321	4.65217391304348	3.46e-06	486601	0.0069872441692475
19.7881736330736	2.1147762018917e-08	rs17354120	1	176086548	A	G	0.0219	5.09302325581395	4.219e-07	500199	0.341376132299345	0.5692	0.0319	4.6231884057971	4.106e-06	486601	0.0069872441692475
21.0679101936743	7.1731476470808e-09	rs34215167	1	176086769	G	A	0.0256	5.81818181818182	7.618e-09	500199	0.341376132299345	0.6218	0.0313	4.34722222222222	1.285e-05	486601	0.0069872441692475
19.7881736330736	2.1147762018917e-08	rs7514517	1	176091763	C	T	0.0219	5.09302325581395	4.163e-07	500199	0.341376132299345	0.5692	0.0319	4.6231884057971	3.919e-06	486601	0.0069872441692475
19.7247219107676	2.2313792089327e-08	rs7517503	1	176092668	C	T	0.0219	5.09302325581395	4.382e-07	500199	0.341376132299345	0.569	0.0318	4.60869565217391	4.047e-06	486601	0.0069872441692475
21.1398722501936	6.75050804195965e-09	rs12047295	1	176094398	A	T	0.0256	5.81818181818182	7.488e-09	500199	0.341376132299345	0.6215	0.0314	4.36111111111111	1.214e-05	486601	0.0069872441692475
19.9004488703769	1.92320981778862e-08	rs10913142	1	176108347	A	G	0.0221	5.13953488372093	3.271e-07	500199	0.341376132299345	0.5692	0.0318	4.60869565217391	4.237e-06	486601	0.0069872441692475
19.6650368623273	2.34693522472389e-08	rs12033997	1	176111047	G	C	0.0222	5.16279069767442	2.74e-07	500199	0.341376132299345	0.5695	0.0313	4.53623188405797	5.807e-06	486601	0.0069872441692475
19.8126382740409	2.07146714490482e-08	rs10913143	1	176111759	T	A	0.022	5.11627906976744	4.04e-07	500199	0.341376132299345	0.569	0.0318	4.60869565217391	4.207e-06	486601	0.0069872441692475
19.8126382740409	2.07146714490482e-08	rs10913144	1	176116366	G	C	0.022	5.11627906976744	3.951e-07	500199	0.341376132299345	0.5692	0.0318	4.60869565217391	4.175e-06	486601	0.0069872441692475
20.8431927270824	8.67135311425026e-09	rs3748618	1	176118219	G	A	0.0254	5.77272727272727	1.121e-08	500199	0.341376132299345	0.6222	0.0312	4.33333333333333	1.305e-05	486601	0.0069872441692475
19.5103720524912	2.67506629751759e-08	rs2861672	1	176122917	A	G	0.0218	5.06976744186047	4.576e-07	500199	0.341376132299345	0.5686	0.0316	4.57971014492754	4.669e-06	486601	0.0069872441692475
19.9004488703769	1.92320981778862e-08	rs12034255	1	176125298	A	C	0.0221	5.13953488372093	3.3e-07	500199	0.341376132299345	0.5683	0.0318	4.60869565217391	4.248e-06	486601	0.0069872441692475
19.7077504130916	2.26364494625597e-08	rs6684140	1	176130581	A	T	0.0221	5.13953488372093	3.431e-07	500199	0.341376132299345	0.5696	0.0315	4.56521739130435	5.288e-06	486601	0.0069872441692475
19.851584279331	2.0043483250905e-08	rs10913145	1	176132602	C	T	0.0219	5.09302325581395	4.008e-07	500199	0.341376132299345	0.5687	0.032	4.63768115942029	3.683e-06	486601	0.0069872441692475
20.8377002459756	8.71165569421145e-09	rs12039741	1	176135785	A	G	0.0253	5.75	1.091e-08	500199	0.341376132299345	0.6217	0.0313	4.34722222222222	1.229e-05	486601	0.0069872441692475
20.8377002459756	8.71165569421145e-09	rs12042918	1	176135992	G	A	0.0253	5.75	1.088e-08	500199	0.341376132299345	0.6217	0.0313	4.34722222222222	1.239e-05	486601	0.0069872441692475
19.851584279331	2.0043483250905e-08	rs10798446	1	176136193	T	C	0.0219	5.09302325581395	4.398e-07	500199	0.341376132299345	0.5687	0.032	4.63768115942029	3.626e-06	486601	0.0069872441692475
21.2060656567551	6.38381218092788e-09	rs12409108	1	176139563	A	T	0.0255	5.79545454545455	9.693e-09	500199	0.341376132299345	0.6222	0.0316	4.38888888888889	1.07e-05	486601	0.0069872441692475
19.5976952380099	2.48453218665417e-08	rs10913147	1	176145820	T	C	0.0219	5.09302325581395	4.349e-07	500199	0.341376132299345	0.5694	0.0316	4.57971014492754	4.823e-06	486601	0.0069872441692475
19.6366997805568	2.40387958278768e-08	rs10913148	1	176148786	T	A	0.0218	5.06976744186047	5.206e-07	500199	0.341376132299345	0.5692	0.0318	4.60869565217391	4.03e-06	486601	0.0069872441692475
19.7881736330736	2.1147762018917e-08	rs12049077	1	176149569	T	C	0.0219	5.09302325581395	4.365e-07	500199	0.341376132299345	0.5695	0.0319	4.6231884057971	3.951e-06	486601	0.0069872441692475
20.1312334868153	1.58229479727227e-08	rs34511428	1	176164617	C	A	0.022	5.11627906976744	3.892e-07	500199	0.341376132299345	0.5688	0.0323	4.68115942028986	2.923e-06	486601	0.0069872441692475
21.5708523778104	4.69302617178584e-09	rs12755507	1	176164865	T	C	0.0256	5.81818181818182	8.795e-09	500199	0.341376132299345	0.6223	0.032	4.44444444444444	8.137e-06	486601	0.0069872441692475
20.5671762161232	1.09474350557614e-08	rs10798447	1	176180020	G	A	0.0222	5.16279069767442	3.246e-07	500199	0.341376132299345	0.5696	0.0327	4.73913043478261	2.205e-06	486601	0.0069872441692475
21.563296333501	4.72302300043243e-09	rs4526571	1	176182722	G	A	0.0255	5.79545454545455	9.025e-09	500199	0.341376132299345	0.6225	0.0321	4.45833333333333	7.411e-06	486601	0.0069872441692475
21.0345052437257	7.37825064471848e-09	rs2175177	1	176184056	G	A	0.0225	5.23255813953488	2.045e-07	500199	0.341376132299345	0.5694	0.033	4.78260869565217	1.837e-06	486601	0.0069872441692475
19.4662564593459	2.7768236238406e-08	rs10458350	1	176192622	T	G	-0.0198	-4.6046511627907	3.869e-06	500199	0.341376132299345	0.4768	-0.0342	-5.02941176470588	5.389e-07	486601	0.0069872441692475
19.5219841951744	2.64890859124057e-08	rs11582888	1	176195396	A	C	-0.0198	-4.6046511627907	3.869e-06	500199	0.341376132299345	0.4768	-0.0343	-5.04411764705882	5.016e-07	486601	0.0069872441692475
19.7346590682045	2.2127013184156e-08	rs10798448	1	176200923	C	T	-0.0199	-4.62790697674419	3.477e-06	500199	0.341376132299345	0.4768	-0.0345	-5.07352941176471	4.477e-07	486601	0.0069872441692475
19.6333127876788	2.4107778523011e-08	rs74561013	1	176201714	G	C	-0.0198	-4.6046511627907	3.936e-06	500199	0.341376132299345	0.4771	-0.0345	-5.07352941176471	4.327e-07	486601	0.0069872441692475
19.5961580247071	2.48776575510478e-08	rs4442332	1	176216277	T	C	-0.0201	-4.67441860465116	2.847e-06	500199	0.341376132299345	0.4766	-0.0339	-4.98529411764706	6.758e-07	486601	0.0069872441692475
19.5391972817396	2.61060495449142e-08	rs1912243	1	176216340	T	A	-0.0201	-4.67441860465116	2.892e-06	500199	0.341376132299345	0.4766	-0.0338	-4.97058823529412	7.456e-07	486601	0.0069872441692475
19.5537147861987	2.57873150135116e-08	rs4652156	1	176216930	G	A	-0.02	-4.65116279069768	2.954e-06	500199	0.341376132299345	0.4765	-0.034	-5	6.551e-07	486601	0.0069872441692475
19.5537147861987	2.57873150135116e-08	rs1858181	1	176218635	T	C	-0.02	-4.65116279069768	2.962e-06	500199	0.341376132299345	0.4765	-0.034	-5	6.426e-07	486601	0.0069872441692475
19.4405448166049	2.83791031025027e-08	rs1553770	1	176219438	C	T	-0.02	-4.65116279069768	3.14e-06	500199	0.341376132299345	0.4766	-0.0338	-4.97058823529412	7.268e-07	486601	0.0069872441692475
19.6530764746237	2.37080329141109e-08	rs7538600	1	176222959	C	T	-0.0201	-4.67441860465116	2.625e-06	500199	0.341376132299345	0.4766	-0.034	-5	6.265e-07	486601	0.0069872441692475
19.9666110179233	1.8185688750524e-08	rs7340050	1	176224746	C	T	-0.0203	-4.72093023255814	2.339e-06	500199	0.341376132299345	0.4775	-0.0342	-5.02941176470588	5.525e-07	486601	0.0069872441692475
19.6950593345496	2.28807805289319e-08	rs352313	1	176236056	T	G	-0.0202	-4.69767441860465	2.535e-06	500199	0.341376132299345	0.4775	-0.0339	-4.98529411764706	6.615e-07	486601	0.0069872441692475
19.5391972817396	2.61060495449142e-08	rs184764	1	176237221	G	C	-0.0201	-4.67441860465116	2.917e-06	500199	0.341376132299345	0.4766	-0.0338	-4.97058823529412	7.538e-07	486601	0.0069872441692475
19.4405448166049	2.83791031025027e-08	rs352334	1	176238070	T	C	-0.02	-4.65116279069768	2.955e-06	500199	0.341376132299345	0.4766	-0.0338	-4.97058823529412	7.203e-07	486601	0.0069872441692475
19.5961580247071	2.48776575510478e-08	rs352333	1	176238333	G	A	-0.0201	-4.67441860465116	2.849e-06	500199	0.341376132299345	0.4765	-0.0339	-4.98529411764706	6.751e-07	486601	0.0069872441692475
19.6530764746237	2.37080329141109e-08	rs352331	1	176239529	C	T	-0.0201	-4.67441860465116	2.878e-06	500199	0.341376132299345	0.4765	-0.034	-5	6.525e-07	486601	0.0069872441692475
19.3838963922317	2.97729242096581e-08	rs352329	1	176243090	C	T	-0.02	-4.65116279069768	2.987e-06	500199	0.341376132299345	0.4765	-0.0337	-4.95588235294118	7.762e-07	486601	0.0069872441692475
19.4971509479272	2.70516367800955e-08	rs352296	1	176246467	A	T	-0.02	-4.65116279069768	2.956e-06	500199	0.341376132299345	0.4766	-0.0339	-4.98529411764706	6.65e-07	486601	0.0069872441692475
19.5537147861987	2.57873150135116e-08	rs352297	1	176247013	A	T	-0.02	-4.65116279069768	3.069e-06	500199	0.341376132299345	0.4766	-0.034	-5	6.154e-07	486601	0.0069872441692475
19.39803810421	2.94186729891617e-08	rs396432	1	176247438	A	G	-0.0199	-4.62790697674419	3.591e-06	500199	0.341376132299345	0.4772	-0.0339	-4.98529411764706	6.984e-07	486601	0.0069872441692475
19.4971509479272	2.70516367800955e-08	rs183033	1	176249549	G	T	-0.02	-4.65116279069768	2.99e-06	500199	0.341376132299345	0.4765	-0.0339	-4.98529411764706	6.884e-07	486601	0.0069872441692475
19.4765722021341	2.75268709510672e-08	rs352303	1	176255263	T	C	-0.0197	-4.58139534883721	4.547e-06	500199	0.341376132299345	0.4768	-0.0344	-5.05882352941177	4.584e-07	486601	0.0069872441692475
19.577669637952	2.52698855379878e-08	rs352302	1	176255930	G	A	-0.0198	-4.6046511627907	4.005e-06	500199	0.341376132299345	0.4768	-0.0344	-5.05882352941177	4.642e-07	486601	0.0069872441692475
19.4212413710016	2.88465568184037e-08	rs352312	1	176258787	A	G	-0.0197	-4.58139534883721	4.108e-06	500199	0.341376132299345	0.4768	-0.0343	-5.04411764705882	5.13e-07	486601	0.0069872441692475
19.4212413710016	2.88465568184037e-08	rs352309	1	176261130	T	C	-0.0197	-4.58139534883721	4.199e-06	500199	0.341376132299345	0.4768	-0.0343	-5.04411764705882	5.053e-07	486601	0.0069872441692475
19.8341419102031	2.03413442076871e-08	rs4652161	1	176261203	A	G	0.0216	5.02325581395349	5.623e-07	500199	0.341376132299345	0.5517	0.0324	4.69565217391304	2.388e-06	486601	0.0069872441692475
19.4212413710016	2.88465568184037e-08	rs352304	1	176263525	A	G	-0.0197	-4.58139534883721	4.117e-06	500199	0.341376132299345	0.4768	-0.0343	-5.04411764705882	4.854e-07	486601	0.0069872441692475
19.236652987753	3.37252664058851e-08	rs541003	1	176265564	G	C	-0.0192	-4.46511627906977	7.505e-06	500199	0.341376132299345	0.4781	-0.0349	-5.13235294117647	3.204e-07	486601	0.0069872441692475
19.4662564593459	2.7768236238406e-08	rs791524	1	176266031	T	C	-0.0198	-4.6046511627907	4.23e-06	500199	0.341376132299345	0.4771	-0.0342	-5.02941176470588	5.424e-07	486601	0.0069872441692475
19.5219841951744	2.64890859124057e-08	rs432510	1	176266985	C	T	-0.0198	-4.6046511627907	3.985e-06	500199	0.341376132299345	0.4768	-0.0343	-5.04411764705882	4.85e-07	486601	0.0069872441692475
19.4212413710016	2.88465568184037e-08	rs10798450	1	176268044	T	C	-0.0197	-4.58139534883721	4.319e-06	500199	0.341376132299345	0.4768	-0.0343	-5.04411764705882	5e-07	486601	0.0069872441692475
19.577669637952	2.52698855379878e-08	rs400589	1	176268606	A	G	-0.0198	-4.6046511627907	3.923e-06	500199	0.341376132299345	0.4768	-0.0344	-5.05882352941177	4.716e-07	486601	0.0069872441692475
19.5219841951744	2.64890859124057e-08	rs366627	1	176269897	G	A	-0.0198	-4.6046511627907	3.984e-06	500199	0.341376132299345	0.4768	-0.0343	-5.04411764705882	4.85e-07	486601	0.0069872441692475
19.4765722021341	2.75268709510672e-08	rs12086886	1	176270161	G	A	-0.0197	-4.58139534883721	4.446e-06	500199	0.341376132299345	0.478	-0.0344	-5.05882352941177	4.823e-07	486601	0.0069872441692475
19.4662564593459	2.7768236238406e-08	rs2455750	1	176275116	C	T	-0.0198	-4.6046511627907	3.994e-06	500199	0.341376132299345	0.4769	-0.0342	-5.02941176470588	5.235e-07	486601	0.0069872441692475
19.678472651888	2.3204099273625e-08	rs2504473	1	176277052	G	A	-0.0203	-4.72093023255814	2.445e-06	500199	0.341376132299345	0.4708	-0.0337	-4.95588235294118	7.778e-07	486601	0.0069872441692475
19.5871069852463	2.50689055817362e-08	rs2504511	1	176284750	A	G	-0.0197	-4.58139534883721	4.544e-06	500199	0.341376132299345	0.4775	-0.0346	-5.08823529411765	3.831e-07	486601	0.0069872441692475
19.4765722021341	2.75268709510672e-08	rs1503121	1	176285381	C	T	-0.0197	-4.58139534883721	4.259e-06	500199	0.341376132299345	0.4754	-0.0344	-5.05882352941177	4.703e-07	486601	0.0069872441692475
19.5219841951744	2.64890859124057e-08	rs2504510	1	176286179	A	G	-0.0198	-4.6046511627907	3.89e-06	500199	0.341376132299345	0.4772	-0.0343	-5.04411764705882	4.687e-07	486601	0.0069872441692475
19.937034328444	1.86462254305332e-08	rs2504509	1	176286470	A	T	-0.0201	-4.67441860465116	3.077e-06	500199	0.341376132299345	0.4779	-0.0345	-5.07352941176471	4.3e-07	486601	0.0069872441692475
19.4212413710016	2.88465568184037e-08	rs2455754	1	176287018	A	G	-0.0197	-4.58139534883721	4.116e-06	500199	0.341376132299345	0.4772	-0.0343	-5.04411764705882	4.825e-07	486601	0.0069872441692475
19.577669637952	2.52698855379878e-08	rs2504507	1	176287284	G	C	-0.0198	-4.6046511627907	3.906e-06	500199	0.341376132299345	0.4772	-0.0344	-5.05882352941177	4.664e-07	486601	0.0069872441692475
19.4303029258151	2.86261682337505e-08	rs2455753	1	176288696	A	G	-0.0196	-4.55813953488372	4.607e-06	500199	0.341376132299345	0.4771	-0.0345	-5.07352941176471	4.201e-07	486601	0.0069872441692475
19.1552103631247	3.61330011481334e-08	rs12096584	1	176289544	T	G	-0.0196	-4.55813953488372	4.769e-06	500199	0.341376132299345	0.4772	-0.034	-5	6.106e-07	486601	0.0069872441692475
19.172645293056	3.560347268666e-08	rs2455740	1	176290100	A	G	-0.0194	-4.51162790697674	5.905e-06	500199	0.341376132299345	0.4772	-0.0344	-5.05882352941177	4.694e-07	486601	0.0069872441692475
19.0097174253129	4.08711658324402e-08	rs2455739	1	176290450	C	T	-0.0194	-4.51162790697674	6.262e-06	500199	0.341376132299345	0.4773	-0.0341	-5.01470588235294	5.713e-07	486601	0.0069872441692475
18.9092607566811	4.45014319302752e-08	rs2455738	1	176291703	C	T	-0.0193	-4.48837209302326	6.499e-06	500199	0.341376132299345	0.4773	-0.0341	-5.01470588235294	5.796e-07	486601	0.0069872441692475
19.0640690076115	3.90323368429822e-08	rs1109579	1	176292076	T	C	-0.0194	-4.51162790697674	6.35e-06	500199	0.341376132299345	0.4772	-0.0342	-5.02941176470588	5.203e-07	486601	0.0069872441692475
19.0640690076115	3.90323368429822e-08	rs2455735	1	176292235	T	C	-0.0194	-4.51162790697674	5.996e-06	500199	0.341376132299345	0.4772	-0.0342	-5.02941176470588	5.28e-07	486601	0.0069872441692475
19.0640690076115	3.90323368429822e-08	rs1009112	1	176292512	G	A	-0.0194	-4.51162790697674	6.243e-06	500199	0.341376132299345	0.4772	-0.0342	-5.02941176470588	5.404e-07	486601	0.0069872441692475
19.0097174253129	4.08711658324402e-08	rs877363	1	176292574	T	C	-0.0194	-4.51162790697674	6.196e-06	500199	0.341376132299345	0.4772	-0.0341	-5.01470588235294	5.645e-07	486601	0.0069872441692475
19.1183782968592	3.72777479869282e-08	rs1948817	1	176293099	T	C	-0.0194	-4.51162790697674	6.12e-06	500199	0.341376132299345	0.4772	-0.0343	-5.04411764705882	4.846e-07	486601	0.0069872441692475
18.8011399362218	4.87706264854487e-08	rs1948816	1	176293393	C	T	-0.0193	-4.48837209302326	6.442e-06	500199	0.341376132299345	0.4773	-0.0339	-4.98529411764706	6.597e-07	486601	0.0069872441692475
18.8011399362218	4.87706264854487e-08	rs7517495	1	176294043	G	C	-0.0193	-4.48837209302326	8.231e-06	500199	0.341376132299345	0.4827	-0.0339	-4.98529411764706	6.811e-07	486601	0.0069872441692475
19.0097174253129	4.08711658324402e-08	rs3123620	1	176294250	T	G	-0.0194	-4.51162790697674	6.105e-06	500199	0.341376132299345	0.4772	-0.0341	-5.01470588235294	5.599e-07	486601	0.0069872441692475
18.8464089201121	4.69353520699218e-08	rs2938149	1	176294301	G	A	-0.0194	-4.51162790697674	6.276e-06	500199	0.341376132299345	0.4773	-0.0338	-4.97058823529412	6.952e-07	486601	0.0069872441692475
19.0448772866925	3.96719664357089e-08	rs2455731	1	176295725	C	T	-0.0196	-4.55813953488372	4.864e-06	500199	0.341376132299345	0.4778	-0.0338	-4.97058823529412	6.978e-07	486601	0.0069872441692475
18.9896473089001	4.15719172499598e-08	rs2504503	1	176298177	A	T	-0.0196	-4.55813953488372	5.018e-06	500199	0.341376132299345	0.4778	-0.0337	-4.95588235294118	7.858e-07	486601	0.0069872441692475
18.7809430092769	4.9612480181953e-08	rs2455729	1	176298497	C	A	-0.0195	-4.53488372093023	5.442e-06	500199	0.341376132299345	0.478	-0.0335	-4.92647058823529	9.014e-07	486601	0.0069872441692475
18.9343750380569	4.35646318634653e-08	rs2504502	1	176299972	G	T	-0.0196	-4.55813953488372	5.104e-06	500199	0.341376132299345	0.4781	-0.0336	-4.94117647058824	8.012e-07	486601	0.0069872441692475
19.7842354312466	2.12183219098777e-08	rs12024295	1	176302097	G	C	0.0255	5.79545454545455	7.627e-09	500199	0.341376132299345	0.6046	0.0288	4.11428571428571	3.992e-05	486601	0.0069872441692475
20.0071107340188	1.75735031573993e-08	rs10753123	1	176303204	G	A	0.0255	5.79545454545455	6.908e-09	500199	0.341376132299345	0.605	0.0291	4.15714285714286	3.261e-05	486601	0.0069872441692475
18.9896473089001	4.15719172499598e-08	rs2455727	1	176305411	A	G	-0.0196	-4.55813953488372	4.718e-06	500199	0.341376132299345	0.4778	-0.0337	-4.95588235294118	7.511e-07	486601	0.0069872441692475
19.0448772866925	3.96719664357089e-08	rs2455760	1	176317659	G	C	-0.0196	-4.55813953488372	4.939e-06	500199	0.341376132299345	0.4778	-0.0338	-4.97058823529412	7.31e-07	486601	0.0069872441692475
18.9896473089001	4.15719172499598e-08	rs7533463	1	176318158	A	G	-0.0196	-4.55813953488372	5.082e-06	500199	0.341376132299345	0.478	-0.0337	-4.95588235294118	7.666e-07	486601	0.0069872441692475
19.1439528195767	3.64790982057352e-08	rs3123621	1	176318592	T	G	-0.0197	-4.58139534883721	4.394e-06	500199	0.341376132299345	0.4788	-0.0338	-4.97058823529412	7.434e-07	486601	0.0069872441692475
19.3596960144422	3.03890922410935e-08	rs11809140	1	176318604	C	T	0.0223	5.18604651162791	2.331e-07	500199	0.341376132299345	0.552	0.0307	4.44927536231884	7.978e-06	486601	0.0069872441692475
18.8908206207238	4.52021069864807e-08	rs1806630	1	176318816	C	A	-0.0195	-4.53488372093023	6.075e-06	500199	0.341376132299345	0.4784	-0.0337	-4.95588235294118	7.672e-07	486601	0.0069872441692475
20.1538156401328	1.55237833061461e-08	rs10913160	1	176321147	T	A	0.0256	5.81818181818182	6.443e-09	500199	0.341376132299345	0.6047	0.0292	4.17142857142857	3.126e-05	486601	0.0069872441692475
20.0763971804613	1.65736816350861e-08	rs12031733	1	176323426	A	T	0.0257	5.84090909090909	5.646e-09	500199	0.341376132299345	0.6046	0.029	4.14285714285714	3.459e-05	486601	0.0069872441692475
19.0005290599673	4.11904977073815e-08	rs4603090	1	176331490	C	T	-0.0195	-4.53488372093023	5.734e-06	500199	0.341376132299345	0.4792	-0.0339	-4.98529411764706	7.011e-07	486601	0.0069872441692475
18.8359029615258	4.73550146808149e-08	rs2504495	1	176331533	C	T	-0.0195	-4.53488372093023	5.625e-06	500199	0.341376132299345	0.4782	-0.0336	-4.94117647058824	8.661e-07	486601	0.0069872441692475
20.3983391071274	1.26256854499398e-08	rs2212450	11	112826867	T	C	-0.0223	-5.06818181818182	3.831e-07	500199	0.341376132299345	0.5723	-0.0335	-4.78571428571429	1.479e-06	486601	0.0069872441692475
22.3577054531163	2.41816194417434e-09	rs2186710	11	112827048	C	G	-0.0213	-4.84090909090909	1.35e-06	500199	0.341376132299345	0.5906	-0.0385	-5.5	3.917e-08	486601	0.0069872441692475
22.579024904237	2.00702506681917e-09	rs4937872	11	112827715	A	G	-0.0214	-4.86363636363636	1.282e-06	500199	0.341376132299345	0.5907	-0.0387	-5.52857142857143	3.207e-08	486601	0.0069872441692475
20.8971765946095	8.28503912260317e-09	rs10891480	11	112830526	T	G	-0.0205	-4.65909090909091	3.633e-06	500199	0.341376132299345	0.6161	-0.0374	-5.34285714285714	1.097e-07	486601	0.0069872441692475
21.0052702982908	7.56256651317379e-09	rs10891481	11	112830562	A	G	-0.0205	-4.65909090909091	3.642e-06	500199	0.341376132299345	0.616	-0.0376	-5.37142857142857	9.084e-08	486601	0.0069872441692475
21.0052702982908	7.56256651317379e-09	rs10789929	11	112830663	C	T	-0.0205	-4.65909090909091	3.789e-06	500199	0.341376132299345	0.6135	-0.0376	-5.37142857142857	9.429e-08	486601	0.0069872441692475
20.8971765946095	8.28503912260317e-09	rs11214436	11	112830782	G	T	-0.0205	-4.65909090909091	3.962e-06	500199	0.341376132299345	0.616	-0.0374	-5.34285714285714	1.116e-07	486601	0.0069872441692475
20.0555744359323	1.68680152112614e-08	rs7111153	11	112834153	T	C	-0.0199	-4.52272727272727	7.25e-06	500199	0.341376132299345	0.6134	-0.037	-5.28571428571429	1.488e-07	486601	0.0069872441692475
20.7933226042158	9.04424999239188e-09	rs7937151	11	112835024	T	G	-0.0203	-4.61363636363636	4.4e-06	500199	0.341376132299345	0.6122	-0.0376	-5.37142857142857	9.184e-08	486601	0.0069872441692475
20.8993469582438	8.26987362319778e-09	rs10750016	11	112837740	T	A	-0.0204	-4.63636363636364	3.959e-06	500199	0.341376132299345	0.6129	-0.0376	-5.37142857142857	9.153e-08	486601	0.0069872441692475
20.8993469582438	8.26987362319778e-09	rs2155281	11	112838338	G	A	-0.0204	-4.63636363636364	3.963e-06	500199	0.341376132299345	0.6129	-0.0376	-5.37142857142857	8.908e-08	486601	0.0069872441692475
20.8993469582438	8.26987362319778e-09	rs720023	11	112838867	A	T	-0.0204	-4.63636363636364	4.175e-06	500199	0.341376132299345	0.6129	-0.0376	-5.37142857142857	8.998e-08	486601	0.0069872441692475
20.5280266716005	1.13155029326659e-08	rs7948789	11	112839532	A	G	-0.0202	-4.59090909090909	5.246e-06	500199	0.341376132299345	0.6121	-0.0373	-5.32857142857143	1.125e-07	486601	0.0069872441692475
19.8966682956716	1.929368152121e-08	rs7126748	11	112842976	T	C	-0.02	-4.54545454545455	6.023e-06	500199	0.341376132299345	0.6121	-0.0365	-5.21428571428571	1.973e-07	486601	0.0069872441692475
19.8438856340937	2.01744092911138e-08	rs7110863	11	112843138	A	G	-0.02	-4.54545454545455	5.917e-06	500199	0.341376132299345	0.612	-0.0364	-5.2	2.058e-07	486601	0.0069872441692475
19.32049215755	3.14145030082924e-08	rs2186709	11	112843616	A	G	0.0199	4.52272727272727	6.263e-06	500199	0.341376132299345	0.3891	0.0356	5.08571428571429	3.845e-07	486601	0.0069872441692475
20.1065548693022	1.61564972673152e-08	rs11214441	11	112846713	T	A	-0.0198	-4.5	6.355e-06	500199	0.341376132299345	0.6114	-0.0373	-5.32857142857143	9.999e-08	486601	0.0069872441692475
20.316208056642	1.35329851983168e-08	rs2186707	11	112850643	T	A	-0.0199	-4.52272727272727	5.803e-06	500199	0.341376132299345	0.6118	-0.0375	-5.35714285714286	8.543e-08	486601	0.0069872441692475
20.316208056642	1.35329851983168e-08	rs2155284	11	112850770	G	C	-0.0199	-4.52272727272727	5.803e-06	500199	0.341376132299345	0.6118	-0.0375	-5.35714285714286	8.464e-08	486601	0.0069872441692475
19.3218865082176	3.13774446432981e-08	rs2155290	11	112851068	C	G	-0.0192	-4.36363636363636	1.279e-05	500199	0.341376132299345	0.6147	-0.037	-5.28571428571429	1.27e-07	486601	0.0069872441692475
20.0763153998863	1.65748274933829e-08	rs2298527	11	112851961	G	C	0.0193	4.38636363636364	9.805e-06	500199	0.341376132299345	0.4072	0.0383	5.47142857142857	3.499e-08	486601	0.0069872441692475
20.316208056642	1.35329851983168e-08	rs2212449	11	112852032	G	T	-0.0199	-4.52272727272727	5.945e-06	500199	0.341376132299345	0.6118	-0.0375	-5.35714285714286	8.364e-08	486601	0.0069872441692475
20.5282905609737	1.13129809025848e-08	rs1940729	11	112852192	T	C	-0.0201	-4.56818181818182	4.712e-06	500199	0.341376132299345	0.6114	-0.0375	-5.35714285714286	8.107e-08	486601	0.0069872441692475
19.7842340511456	2.1218346678151e-08	rs1940728	11	112852195	G	T	-0.0194	-4.40909090909091	1.139e-05	500199	0.341376132299345	0.6108	-0.0375	-5.35714285714286	8.317e-08	486601	0.0069872441692475
20.1065548693022	1.61564972673152e-08	rs2298526	11	112852464	T	C	-0.0198	-4.5	6.433e-06	500199	0.341376132299345	0.6114	-0.0373	-5.32857142857143	9.812e-08	486601	0.0069872441692475
20.316208056642	1.35329851983168e-08	rs1940727	11	112852588	G	T	-0.0199	-4.52272727272727	5.914e-06	500199	0.341376132299345	0.6118	-0.0375	-5.35714285714286	8.313e-08	486601	0.0069872441692475
20.5282905609737	1.13129809025848e-08	rs1940726	11	112852611	T	G	-0.0201	-4.56818181818182	4.623e-06	500199	0.341376132299345	0.6116	-0.0375	-5.35714285714286	8.413e-08	486601	0.0069872441692475
20.4201821291156	1.23948199382743e-08	rs1940725	11	112852759	T	C	-0.0199	-4.52272727272727	5.982e-06	500199	0.341376132299345	0.6118	-0.0377	-5.38571428571429	7.172e-08	486601	0.0069872441692475
20.3682150482938	1.29511617054555e-08	rs1940724	11	112852946	A	G	-0.0199	-4.52272727272727	5.95e-06	500199	0.341376132299345	0.6118	-0.0376	-5.37142857142857	7.376e-08	486601	0.0069872441692475
20.4201821291156	1.23948199382743e-08	rs1954826	11	112853012	A	G	-0.0199	-4.52272727272727	5.921e-06	500199	0.341376132299345	0.6118	-0.0377	-5.38571428571429	7.281e-08	486601	0.0069872441692475
20.3682150482938	1.29511617054555e-08	rs4439550	11	112853538	G	A	-0.0199	-4.52272727272727	5.942e-06	500199	0.341376132299345	0.6118	-0.0376	-5.37142857142857	7.376e-08	486601	0.0069872441692475
20.2100152835047	1.48036332471179e-08	rs10736463	11	112854052	T	C	-0.0198	-4.5	6.31e-06	500199	0.341376132299345	0.6118	-0.0375	-5.35714285714286	8.118e-08	486601	0.0069872441692475
20.2120743408482	1.47778936176965e-08	rs6589353	11	112854935	G	A	-0.0199	-4.52272727272727	6.21e-06	500199	0.341376132299345	0.6114	-0.0373	-5.32857142857143	9.574e-08	486601	0.0069872441692475
20.2641611541601	1.41414803296021e-08	rs7950836	11	112856137	T	C	-0.0199	-4.52272727272727	6.095e-06	500199	0.341376132299345	0.6117	-0.0374	-5.34285714285714	8.636e-08	486601	0.0069872441692475
20.2120743408482	1.47778936176965e-08	rs1940720	11	112857202	A	G	-0.0199	-4.52272727272727	5.97e-06	500199	0.341376132299345	0.6114	-0.0373	-5.32857142857143	9.509e-08	486601	0.0069872441692475
20.2120743408482	1.47778936176965e-08	rs1940718	11	112859867	C	T	-0.0199	-4.52272727272727	5.821e-06	500199	0.341376132299345	0.6114	-0.0373	-5.32857142857143	9.322e-08	486601	0.0069872441692475
20.316208056642	1.35329851983168e-08	rs1940716	11	112860288	A	G	-0.0199	-4.52272727272727	6.252e-06	500199	0.341376132299345	0.6117	-0.0375	-5.35714285714286	8.435e-08	486601	0.0069872441692475
20.316208056642	1.35329851983168e-08	rs2155282	11	112860348	A	T	-0.0199	-4.52272727272727	6.097e-06	500199	0.341376132299345	0.6117	-0.0375	-5.35714285714286	8.435e-08	486601	0.0069872441692475
20.2899639485033	1.38364603754702e-08	rs7106434	11	112860579	T	C	0.0192	4.36363636363636	1.098e-05	500199	0.341376132299345	0.4076	0.0384	5.56521739130435	3.189e-08	486601	0.0069872441692475
20.3174927984133	1.35183014676205e-08	rs7121047	11	112860893	A	T	-0.02	-4.54545454545455	5.357e-06	500199	0.341376132299345	0.6114	-0.0373	-5.32857142857143	9.552e-08	486601	0.0069872441692475
20.2641611541601	1.41414803296021e-08	rs4466874	11	112861434	T	C	-0.0199	-4.52272727272727	6.108e-06	500199	0.341376132299345	0.6117	-0.0374	-5.34285714285714	8.467e-08	486601	0.0069872441692475
20.2120743408482	1.47778936176965e-08	rs4479020	11	112861443	G	A	-0.0199	-4.52272727272727	5.795e-06	500199	0.341376132299345	0.6114	-0.0373	-5.32857142857143	9.445e-08	486601	0.0069872441692475
20.1037214963864	1.61952404900026e-08	rs7115165	11	112862587	T	C	-0.0197	-4.47727272727273	7.145e-06	500199	0.341376132299345	0.6119	-0.0375	-5.35714285714286	8.315e-08	486601	0.0069872441692475
19.7417428365119	2.199482390003e-08	rs7108081	11	112865115	A	G	-0.0196	-4.45454545454545	8.134e-06	500199	0.341376132299345	0.6116	-0.037	-5.28571428571429	1.207e-07	486601	0.0069872441692475
19.6905063322668	2.2969078478431e-08	rs4381397	11	112866269	T	C	-0.0196	-4.45454545454545	8.414e-06	500199	0.341376132299345	0.611	-0.0369	-5.27142857142857	1.306e-07	486601	0.0069872441692475
19.6905063322668	2.2969078478431e-08	rs4144892	11	112866456	C	T	-0.0196	-4.45454545454545	8.127e-06	500199	0.341376132299345	0.6116	-0.0369	-5.27142857142857	1.239e-07	486601	0.0069872441692475
19.7417428365119	2.199482390003e-08	rs1940702	11	112867061	A	G	-0.0196	-4.45454545454545	8.137e-06	500199	0.341376132299345	0.6116	-0.037	-5.28571428571429	1.186e-07	486601	0.0069872441692475
19.7417428365119	2.199482390003e-08	rs10891487	11	112869054	G	A	-0.0196	-4.45454545454545	8.558e-06	500199	0.341376132299345	0.6116	-0.037	-5.28571428571429	1.186e-07	486601	0.0069872441692475
19.7417428365119	2.199482390003e-08	rs1940701	11	112869404	T	C	-0.0196	-4.45454545454545	8.377e-06	500199	0.341376132299345	0.6114	-0.037	-5.28571428571429	1.176e-07	486601	0.0069872441692475
19.8472053942703	2.011784743197e-08	rs723599	11	112872305	A	G	-0.0198	-4.5	6.687e-06	500199	0.341376132299345	0.6117	-0.0368	-5.25714285714286	1.408e-07	486601	0.0069872441692475
19.8991551109367	1.92531505574132e-08	rs7127712	11	112874603	A	T	-0.0198	-4.5	6.501e-06	500199	0.341376132299345	0.6117	-0.0369	-5.27142857142857	1.307e-07	486601	0.0069872441692475
19.8991551109367	1.92531505574132e-08	rs7127930	11	112874645	C	A	-0.0198	-4.5	6.507e-06	500199	0.341376132299345	0.6117	-0.0369	-5.27142857142857	1.319e-07	486601	0.0069872441692475
19.8472053942703	2.011784743197e-08	rs10750019	11	112875768	G	C	-0.0198	-4.5	6.514e-06	500199	0.341376132299345	0.6117	-0.0368	-5.25714285714286	1.34e-07	486601	0.0069872441692475
20.0033279793002	1.76297972535797e-08	rs1940697	11	112876886	G	A	-0.0199	-4.52272727272727	6.272e-06	500199	0.341376132299345	0.6119	-0.0369	-5.27142857142857	1.317e-07	486601	0.0069872441692475
19.7939430444716	2.10448170957331e-08	rs9919670	11	112877304	G	A	-0.0199	-4.52272727272727	5.791e-06	500199	0.341376132299345	0.6113	-0.0365	-5.21428571428571	1.787e-07	486601	0.0069872441692475
20.1073998336828	1.61449613083973e-08	rs9919557	11	112877408	T	C	-0.02	-4.54545454545455	5.933e-06	500199	0.341376132299345	0.6135	-0.0369	-5.27142857142857	1.366e-07	486601	0.0069872441692475
20.1077809817343	1.61397603490476e-08	rs9919558	11	112877409	T	A	-0.0199	-4.52272727272727	6.496e-06	500199	0.341376132299345	0.6139	-0.0371	-5.3	1.157e-07	486601	0.0069872441692475
19.7952157667738	2.10221753173168e-08	rs7118907	11	112878254	C	A	-0.0198	-4.5	6.42e-06	500199	0.341376132299345	0.6117	-0.0367	-5.24285714285714	1.511e-07	486601	0.0069872441692475
19.8472053942703	2.011784743197e-08	rs6589354	11	112878547	T	A	-0.0198	-4.5	6.509e-06	500199	0.341376132299345	0.6117	-0.0368	-5.25714285714286	1.344e-07	486601	0.0069872441692475
19.8991551109367	1.92531505574132e-08	rs4589334	11	112879456	G	C	-0.0198	-4.5	6.504e-06	500199	0.341376132299345	0.6117	-0.0369	-5.27142857142857	1.32e-07	486601	0.0069872441692475
19.7948812285922	2.10281243982599e-08	rs4294596	11	112880732	A	T	-0.0197	-4.47727272727273	7.98e-06	500199	0.341376132299345	0.6112	-0.0369	-5.27142857142857	1.299e-07	486601	0.0069872441692475
19.8991551109367	1.92531505574132e-08	rs7113596	11	112883761	C	A	-0.0198	-4.5	6.408e-06	500199	0.341376132299345	0.6117	-0.0369	-5.27142857142857	1.322e-07	486601	0.0069872441692475
19.7588187964149	2.16794156335781e-08	rs10891490	11	112885527	T	C	0.0189	4.29545454545455	1.466e-05	500199	0.341376132299345	0.4071	0.038	5.50724637681159	4.519e-08	486601	0.0069872441692475
19.8991551109367	1.92531505574132e-08	rs10732853	11	112887410	C	G	-0.0198	-4.5	6.489e-06	500199	0.341376132299345	0.6117	-0.0369	-5.27142857142857	1.284e-07	486601	0.0069872441692475
19.9510649167732	1.84263168405626e-08	rs999851	11	112889846	A	G	-0.0198	-4.5	6.473e-06	500199	0.341376132299345	0.6117	-0.037	-5.28571428571429	1.198e-07	486601	0.0069872441692475
19.9510649167732	1.84263168405626e-08	rs1940733	11	112892274	G	A	-0.0198	-4.5	6.709e-06	500199	0.341376132299345	0.6117	-0.037	-5.28571428571429	1.189e-07	486601	0.0069872441692475
20.0555744359323	1.68680152112614e-08	rs9919620	11	112892570	G	A	-0.0199	-4.52272727272727	6.54e-06	500199	0.341376132299345	0.6117	-0.037	-5.28571428571429	1.177e-07	486601	0.0069872441692475
19.846454383633	2.0130629177799e-08	rs7926312	11	112893856	A	G	-0.0197	-4.47727272727273	7.734e-06	500199	0.341376132299345	0.6113	-0.037	-5.28571428571429	1.228e-07	486601	0.0069872441692475
20.0555744359323	1.68680152112614e-08	rs1940734	11	112895028	G	C	-0.0199	-4.52272727272727	6.547e-06	500199	0.341376132299345	0.6117	-0.037	-5.28571428571429	1.193e-07	486601	0.0069872441692475
20.0555744359323	1.68680152112614e-08	rs10750021	11	112896214	C	G	-0.0199	-4.52272727272727	6.405e-06	500199	0.341376132299345	0.6117	-0.037	-5.28571428571429	1.238e-07	486601	0.0069872441692475
20.2642904323076	1.4139935434404e-08	rs1940699	11	112898428	A	T	-0.0201	-4.56818181818182	5.026e-06	500199	0.341376132299345	0.6115	-0.037	-5.28571428571429	1.227e-07	486601	0.0069872441692475
20.2642904323076	1.4139935434404e-08	rs1892983	11	112899214	T	C	-0.0201	-4.56818181818182	5.254e-06	500199	0.341376132299345	0.6115	-0.037	-5.28571428571429	1.247e-07	486601	0.0069872441692475
20.2113706740843	1.47866848867295e-08	rs1892981	11	112899633	C	T	-0.0201	-4.56818181818182	5.027e-06	500199	0.341376132299345	0.6115	-0.0369	-5.27142857142857	1.269e-07	486601	0.0069872441692475
20.2113706740843	1.47866848867295e-08	rs11214469	11	112900343	T	A	-0.0201	-4.56818181818182	5.025e-06	500199	0.341376132299345	0.6115	-0.0369	-5.27142857142857	1.27e-07	486601	0.0069872441692475
20.2642904323076	1.4139935434404e-08	rs1320670	11	112902671	A	T	-0.0201	-4.56818181818182	5.015e-06	500199	0.341376132299345	0.6115	-0.037	-5.28571428571429	1.229e-07	486601	0.0069872441692475
20.2642904323076	1.4139935434404e-08	rs7945073	11	112903595	G	A	-0.0201	-4.56818181818182	5.151e-06	500199	0.341376132299345	0.6115	-0.037	-5.28571428571429	1.227e-07	486601	0.0069872441692475
20.1584110050309	1.54636022455937e-08	rs7113099	11	112904335	T	A	-0.0201	-4.56818181818182	5.392e-06	500199	0.341376132299345	0.6112	-0.0368	-5.25714285714286	1.406e-07	486601	0.0069872441692475
20.2642904323076	1.4139935434404e-08	rs7127528	11	112904479	C	T	-0.0201	-4.56818181818182	5.162e-06	500199	0.341376132299345	0.6115	-0.037	-5.28571428571429	1.241e-07	486601	0.0069872441692475
20.4217134077127	1.23787949663444e-08	rs7128314	11	112905039	C	T	-0.0202	-4.59090909090909	4.781e-06	500199	0.341376132299345	0.6114	-0.0371	-5.3	1.139e-07	486601	0.0069872441692475
20.3700102162642	1.29315322848599e-08	rs7128648	11	112905129	G	A	-0.0201	-4.56818181818182	4.922e-06	500199	0.341376132299345	0.6112	-0.0372	-5.31428571428571	1.046e-07	486601	0.0069872441692475
20.3684969095238	1.29480776944451e-08	rs4480572	11	112905776	C	T	-0.0202	-4.59090909090909	4.55e-06	500199	0.341376132299345	0.6114	-0.037	-5.28571428571429	1.166e-07	486601	0.0069872441692475
20.4217134077127	1.23787949663444e-08	rs1940712	11	112906218	G	C	-0.0202	-4.59090909090909	4.582e-06	500199	0.341376132299345	0.6114	-0.0371	-5.3	1.146e-07	486601	0.0069872441692475
20.4217134077127	1.23787949663444e-08	rs1940713	11	112906285	T	C	-0.0202	-4.59090909090909	4.695e-06	500199	0.341376132299345	0.6114	-0.0371	-5.3	1.138e-07	486601	0.0069872441692475
20.4217134077127	1.23787949663444e-08	rs1940714	11	112906391	T	C	-0.0202	-4.59090909090909	4.685e-06	500199	0.341376132299345	0.6114	-0.0371	-5.3	1.118e-07	486601	0.0069872441692475
20.4217134077127	1.23787949663444e-08	rs7935745	11	112906804	A	G	-0.0202	-4.59090909090909	4.694e-06	500199	0.341376132299345	0.6114	-0.0371	-5.3	1.138e-07	486601	0.0069872441692475
19.8806673900783	1.95565226405015e-08	rs7947502	11	112909396	C	T	0.0191	4.34090909090909	1.277e-05	500199	0.341376132299345	0.4072	0.0378	5.47826086956522	4.964e-08	486601	0.0069872441692475
20.472602372759	1.18578836652461e-08	rs10891492	11	112909745	C	T	-0.0203	-4.61363636363636	4.287e-06	500199	0.341376132299345	0.6114	-0.037	-5.28571428571429	1.165e-07	486601	0.0069872441692475
20.4190093129444	1.24071076244331e-08	rs7948327	11	112910077	C	A	-0.0203	-4.61363636363636	4.335e-06	500199	0.341376132299345	0.6114	-0.0369	-5.27142857142857	1.256e-07	486601	0.0069872441692475
20.0555744359323	1.68680152112614e-08	rs2155292	11	112910783	A	G	-0.0199	-4.52272727272727	6.918e-06	500199	0.341376132299345	0.6152	-0.037	-5.28571428571429	1.162e-07	486601	0.0069872441692475
20.4190093129444	1.24071076244331e-08	rs7938812	11	112911004	T	G	-0.0203	-4.61363636363636	3.958e-06	500199	0.341376132299345	0.6116	-0.0369	-5.27142857142857	1.307e-07	486601	0.0069872441692475
20.472602372759	1.18578836652461e-08	rs7942723	11	112911839	T	G	-0.0203	-4.61363636363636	4.061e-06	500199	0.341376132299345	0.6116	-0.037	-5.28571428571429	1.204e-07	486601	0.0069872441692475
20.3701286684703	1.29302381078677e-08	rs7105462	11	112912048	G	A	0.0195	4.43181818181818	8.044e-06	500199	0.341376132299345	0.4076	0.0379	5.49275362318841	4.742e-08	486601	0.0069872441692475
20.5766068220132	1.08605803185373e-08	rs3802847	11	112912303	T	C	-0.0204	-4.63636363636364	3.823e-06	500199	0.341376132299345	0.6114	-0.037	-5.28571428571429	1.193e-07	486601	0.0069872441692475
20.5766068220132	1.08605803185373e-08	rs3802848	11	112912387	A	C	-0.0204	-4.63636363636364	3.857e-06	500199	0.341376132299345	0.6114	-0.037	-5.28571428571429	1.208e-07	486601	0.0069872441692475
20.8880140858899	8.34937026075046e-09	rs3802850	11	112912518	A	C	-0.0207	-4.70454545454545	2.555e-06	500199	0.341376132299345	0.61	-0.037	-5.28571428571429	1.208e-07	486601	0.0069872441692475
20.6262438958806	1.04146824061508e-08	rs2186874	11	112912724	T	C	-0.0205	-4.65909090909091	3.357e-06	500199	0.341376132299345	0.6111	-0.0369	-5.27142857142857	1.251e-07	486601	0.0069872441692475
20.522677111403	1.136675112688e-08	rs2155646	11	112912811	T	C	-0.0204	-4.63636363636364	3.728e-06	500199	0.341376132299345	0.6111	-0.0369	-5.27142857142857	1.33e-07	486601	0.0069872441692475
21.0214931731168	7.45972461369853e-09	rs2806933	13	53643370	A	C	0.0239	5.43181818181818	7.328e-08	500199	0.341376132299345	0.3933	0.0323	4.61428571428572	4.405e-06	486601	0.0069872441692475
18.8659292232348	4.61654809604004e-08	rs2759698	13	53687653	C	A	0.0213	4.73333333333333	1.937e-06	500199	0.341376132299345	0.3869	0.0379	4.7375	1.937e-06	486601	0.0069872441692475
19.1035737800578	3.7748052363512e-08	rs1923770	13	53786568	T	A	0.0189	4.29545454545455	1.93e-05	500199	0.341376132299345	0.3811	0.0372	5.31428571428571	1.142e-07	486601	0.0069872441692475
18.908133807015	4.45439389378462e-08	rs1909650	13	53791895	G	A	0.0189	4.29545454545455	1.847e-05	500199	0.341376132299345	0.3812	0.0368	5.25714285714286	1.53e-07	486601	0.0069872441692475
19.0458043848875	3.96408276192644e-08	rs2806954	13	53797524	G	C	0.0188	4.27272727272727	2.045e-05	500199	0.341376132299345	0.3813	0.0373	5.32857142857143	1.095e-07	486601	0.0069872441692475
19.101676067534	3.78087666089402e-08	rs9563152	13	53889343	T	C	0.0221	4.91111111111111	8.09e-07	500199	0.341376132299345	0.3702	0.037	4.625	3.544e-06	486601	0.0069872441692475
18.8138696802419	4.82473928027502e-08	rs1978969	13	53896317	C	A	-0.0244	-5.19148936170213	1.665e-07	500199	0.341376132299345	0.6918	-0.032	-4.32432432432432	1.47e-05	486601	0.0069872441692475
18.8181298957848	4.80735436289668e-08	rs873573	13	53922199	T	C	-0.024	-5.10638297872341	3.352e-07	500199	0.341376132299345	0.7031	-0.0325	-4.39189189189189	1.287e-05	486601	0.0069872441692475
20.6305016837962	1.03772991431166e-08	rs8011321	14	42045106	C	T	0.0268	6.09090909090909	8.241e-10	500199	0.341376132299345	0.4107	0.0283	4.10144927536232	4.702e-05	486601	0.0069872441692475
22.0542906016427	3.12237031733697e-09	rs67505447	14	42143231	A	G	-0.0282	-6.55813953488372	8.207e-11	500199	0.341376132299345	0.5291	-0.0316	-4.1038961038961	4.294e-05	486601	0.0069872441692475
18.8823856589548	4.55262878015646e-08	rs1862743	16	60743834	C	A	0.0214	4.97674418604651	6.856e-07	500199	0.341376132299345	0.5059	0.0307	4.51470588235294	7.362e-06	486601	0.0069872441692475
20.214722109095	1.47448606014462e-08	rs12969536	18	53101860	C	G	0.0296	6.29787234042553	3.274e-10	500199	0.341376132299345	0.3199	0.0341	3.91954022988506	9.445e-05	486601	0.0069872441692475
22.6972384639182	1.81691896338606e-09	rs3099439	5	87545318	C	T	0.0241	5.6046511627907	2.777e-08	500199	0.341376132299345	0.4649	0.0333	4.82608695652174	1.339e-06	486601	0.0069872441692475
22.0345064418652	3.17485540455581e-09	rs3099438	5	87557207	A	G	0.0233	5.41860465116279	6.892e-08	500199	0.341376132299345	0.4636	0.0334	4.84057971014493	1.168e-06	486601	0.0069872441692475
21.2001653054647	6.41567206017564e-09	rs2565726	5	87581913	T	C	-0.0229	-5.32558139534884	1.142e-07	500199	0.341376132299345	0.5375	-0.0327	-4.73913043478261	2.013e-06	486601	0.0069872441692475
21.3332777520739	5.73417779488727e-09	rs247909	5	87592024	C	T	-0.0229	-5.32558139534884	1.174e-07	500199	0.341376132299345	0.5377	-0.0329	-4.76811594202899	1.771e-06	486601	0.0069872441692475
20.7983389520722	9.00602530449982e-09	rs2565727	5	87601508	G	A	-0.0226	-5.25581395348837	1.71e-07	500199	0.341376132299345	0.5373	-0.0325	-4.71014492753623	2.33e-06	486601	0.0069872441692475
21.0891440931623	7.04575351007892e-09	rs2582044	5	87602093	T	C	-0.023	-5.34883720930233	1.06e-07	500199	0.341376132299345	0.5377	-0.0324	-4.69565217391304	2.452e-06	486601	0.0069872441692475
20.9169989289203	8.14755842495205e-09	rs150004038	5	87607309	A	G	-0.0233	-5.41860465116279	8.062e-08	500199	0.341376132299345	0.5371	-0.0359	-4.6025641025641	3.68e-06	486601	0.0069872441692475
20.8879612532059	8.34974265338767e-09	rs3110021	5	87610059	A	C	-0.0227	-5.27906976744186	1.374e-07	500199	0.341376132299345	0.5375	-0.0325	-4.71014492753623	2.143e-06	486601	0.0069872441692475
20.1622456376718	1.54135627394647e-08	rs1823016	5	87612658	G	A	-0.0227	-5.27906976744186	1.836e-07	500199	0.341376132299345	0.5404	-0.0355	-4.55128205128205	4.852e-06	486601	0.0069872441692475
21.0857179312623	7.06615453992767e-09	rs247913	5	87618728	G	C	-0.0227	-5.27906976744186	1.407e-07	500199	0.341376132299345	0.538	-0.0328	-4.7536231884058	1.712e-06	486601	0.0069872441692475
21.242469095431	6.19072228240912e-09	rs247914	5	87620249	T	G	-0.0228	-5.30232558139535	1.351e-07	500199	0.341376132299345	0.5394	-0.0329	-4.76811594202899	1.693e-06	486601	0.0069872441692475
20.9539212219399	7.89754343361201e-09	rs2582042	5	87625244	G	A	-0.0227	-5.27906976744186	1.431e-07	500199	0.341376132299345	0.5375	-0.0326	-4.72463768115942	1.939e-06	486601	0.0069872441692475
21.8604454879062	3.67643815042927e-09	rs247910	5	87630769	A	G	-0.0237	-5.51162790697674	4.712e-08	500199	0.341376132299345	0.543	-0.0364	-4.72727272727273	2.565e-06	486601	0.0069872441692475
21.0857179312623	7.06615453992767e-09	rs247911	5	87633758	A	G	-0.0227	-5.27906976744186	1.438e-07	500199	0.341376132299345	0.538	-0.0328	-4.7536231884058	1.703e-06	486601	0.0069872441692475
21.242469095431	6.19072228240912e-09	rs247912	5	87634692	C	G	-0.0228	-5.30232558139535	1.156e-07	500199	0.341376132299345	0.5375	-0.0329	-4.76811594202899	1.63e-06	486601	0.0069872441692475
21.1515546718506	6.68428992258667e-09	rs3099437	5	87637449	C	T	-0.0227	-5.27906976744186	1.461e-07	500199	0.341376132299345	0.5381	-0.0329	-4.76811594202899	1.649e-06	486601	0.0069872441692475
21.1515546718506	6.68428992258667e-09	rs2195613	5	87644310	G	A	0.0227	5.27906976744186	1.404e-07	500199	0.341376132299345	0.462	0.0329	4.76811594202899	1.597e-06	486601	0.0069872441692475
20.4642342916482	1.19420070868615e-08	rs10942529	5	87647584	T	C	0.0223	5.18604651162791	2.314e-07	500199	0.341376132299345	0.4664	0.0324	4.69565217391304	2.335e-06	486601	0.0069872441692475
20.9429240469873	7.97119482269048e-09	rs4916720	5	87677848	C	T	-0.0224	-5.2093023255814	2.109e-07	500199	0.341376132299345	0.5374	-0.033	-4.78260869565217	1.52e-06	486601	0.0069872441692475
21.1645754552756	6.61125237708678e-09	rs1430205	5	87678585	C	T	-0.0225	-5.23255813953488	1.728e-07	500199	0.341376132299345	0.5382	-0.0332	-4.81159420289855	1.276e-06	486601	0.0069872441692475
20.9694085238779	7.79497516237467e-09	rs4916908	5	87679052	T	C	-0.0225	-5.23255813953488	1.783e-07	500199	0.341376132299345	0.5377	-0.0329	-4.76811594202899	1.544e-06	486601	0.0069872441692475
19.9132786218129	1.9024573817331e-08	rs6452784	5	87680994	A	G	-0.0206	-4.7906976744186	1.778e-06	500199	0.341376132299345	0.5329	-0.0336	-4.94117647058824	8.846e-07	486601	0.0069872441692475
19.6988097842028	2.28083023230417e-08	rs6414945	5	87682030	G	A	-0.0205	-4.76744186046512	1.969e-06	500199	0.341376132299345	0.5326	-0.0334	-4.91176470588235	1.097e-06	486601	0.0069872441692475
19.6207180995284	2.43660388011873e-08	rs6452785	5	87685500	C	T	-0.0203	-4.72093023255814	2.492e-06	500199	0.341376132299345	0.5326	-0.0336	-4.94117647058824	9.235e-07	486601	0.0069872441692475
19.5437627902409	2.60053896651708e-08	rs2898558	5	87693637	G	C	-0.0204	-4.74418604651163	2.108e-06	500199	0.341376132299345	0.5326	-0.0333	-4.89705882352941	1.16e-06	486601	0.0069872441692475
18.9291864474152	4.375654029802e-08	rs7708715	5	87712519	C	A	-0.02	-4.65116279069768	3.397e-06	500199	0.341376132299345	0.5314	-0.0329	-4.83823529411765	1.542e-06	486601	0.0069872441692475
19.7183440405606	2.24345022434201e-08	rs7722095	5	87740893	T	C	-0.0204	-4.74418604651163	2.243e-06	500199	0.341376132299345	0.5385	-0.0336	-4.94117647058824	9.558e-07	486601	0.0069872441692475
18.995286752949	4.13738075750399e-08	rs7728883	5	87751752	G	A	-0.0203	-4.72093023255814	2.633e-06	500199	0.341376132299345	0.5381	-0.033	-4.78260869565217	1.425e-06	486601	0.0069872441692475
19.1672652813656	3.57660377724011e-08	rs7448716	5	87752695	A	G	-0.0203	-4.72093023255814	2.564e-06	500199	0.341376132299345	0.5387	-0.0333	-4.82608695652174	1.14e-06	486601	0.0069872441692475
18.9013786835885	4.47995873629186e-08	rs6866315	5	87754805	C	T	-0.0202	-4.69767441860465	2.749e-06	500199	0.341376132299345	0.5381	-0.033	-4.78260869565217	1.442e-06	486601	0.0069872441692475
19.1099801812753	3.75438106941865e-08	rs4352629	5	87756821	C	T	-0.0203	-4.72093023255814	2.492e-06	500199	0.341376132299345	0.5388	-0.0332	-4.81159420289855	1.257e-06	486601	0.0069872441692475
19.4472006841443	2.82196903791611e-08	rs4571506	5	87756918	C	T	-0.0203	-4.72093023255814	2.63e-06	500199	0.341376132299345	0.5387	-0.0333	-4.89705882352941	1.149e-06	486601	0.0069872441692475
19.6262542340302	2.42521778699242e-08	rs10060720	5	87763468	C	A	-0.0206	-4.7906976744186	1.756e-06	500199	0.341376132299345	0.5411	-0.0336	-4.8695652173913	9.716e-07	486601	0.0069872441692475
19.8972688974116	1.92838848842974e-08	rs11952470	5	87763516	G	A	-0.0207	-4.81395348837209	1.601e-06	500199	0.341376132299345	0.5419	-0.0339	-4.91304347826087	7.698e-07	486601	0.0069872441692475
19.955664354546	1.83547946412698e-08	rs4244212	5	87764618	G	A	-0.0207	-4.81395348837209	1.692e-06	500199	0.341376132299345	0.5416	-0.034	-4.92753623188406	7.332e-07	486601	0.0069872441692475
19.6844234469643	2.30875790788172e-08	rs9293500	5	87765771	T	C	-0.0206	-4.7906976744186	1.716e-06	500199	0.341376132299345	0.542	-0.0337	-4.88405797101449	9.039e-07	486601	0.0069872441692475
19.5097925800164	2.67637838705788e-08	rs6891239	5	87769693	C	T	-0.0206	-4.7906976744186	1.74e-06	500199	0.341376132299345	0.5414	-0.0334	-4.84057971014493	1.098e-06	486601	0.0069872441692475
19.7803547549972	2.12880819073889e-08	rs6452791	5	87771093	A	C	-0.0207	-4.81395348837209	1.655e-06	500199	0.341376132299345	0.5419	-0.0337	-4.88405797101449	9.031e-07	486601	0.0069872441692475
19.8761802960928	1.96308726591247e-08	rs6873449	5	87773655	A	G	-0.0208	-4.83720930232558	1.528e-06	500199	0.341376132299345	0.542	-0.0337	-4.88405797101449	8.98e-07	486601	0.0069872441692475
19.5097925800164	2.67637838705788e-08	rs6874021	5	87773729	G	T	-0.0206	-4.7906976744186	1.71e-06	500199	0.341376132299345	0.5411	-0.0334	-4.84057971014493	1.155e-06	486601	0.0069872441692475
22.1013504977162	3.00099228986159e-09	rs7706932	5	87775691	T	C	-0.0224	-5.2093023255814	2.728e-07	500199	0.341376132299345	0.5627	-0.0348	-5.04347826086957	4.651e-07	486601	0.0069872441692475
21.2399848631113	6.20371098639601e-09	rs10044618	5	87781168	C	T	-0.0219	-4.97727272727273	4.669e-07	500199	0.341376132299345	0.5645	-0.035	-5.07246376811594	4.124e-07	486601	0.0069872441692475
